1
5
1 36 0
1 44.5 0
1 20.9 0
1 47.5 0
1 47.2 0
2
5
1 27.9 0
1 37 0
1 28.3 0
1 35.9 0
1 36.4 0
3
5
1 35.7 0
1 43.9 0
1 32.2 0
1 45.3 0
1 46.8 0
4
5
1 37 0
1 31.6 0
1 40.9 0
1 46.4 0
1 21.7 0
5
5
1 43.8 0
1 21.7 0
1 24.9 0
1 44.2 0
1 34.9 0
6
5
1 38.8 0
1 30.1 0
1 47.3 0
1 37.1 0
1 46.6 0
7
5
1 25 0
1 33.7 0
1 37.5 0
1 40.4 0
1 33.8 0
8
5
1 48.4 0
1 33.2 0
1 33.8 0
1 45.1 0
1 29.9 0
9
5
1 21.6 0
1 39 0
1 41.5 0
1 36 0
1 30.3 0
10
5
1 44.9 0
1 23 0
1 30 0
1 42.8 0
1 42.6 0
11
5
1 21.6 0
1 44.5 0
1 32.6 0
1 37.6 0
1 28.7 0
12
5
1 41.4 0
1 20.3 0
1 26 0
1 22 0
1 41.7 0
13
5
1 45.7 0
1 32.6 0
1 39.7 0
1 24.8 0
1 40.5 0
14
5
1 31.4 0
1 22 0
1 30 0
1 46.6 0
1 36 0
15
5
1 25.4 0
1 49.2 0
1 37.8 0
1 30 0
1 48 0
16
5
1 36.5 0
1 29.4 0
1 23.9 0
1 44.3 0
1 39.8 0
17
5
1 22.6 0
1 32 0
1 35.3 0
1 34.9 0
1 37.5 0
18
5
1 33.3 0
1 47.4 0
1 42.6 0
1 43.3 0
1 36.7 0
19
5
1 39.5 0
1 24.1 0
1 22.2 0
1 25.2 0
1 40.7 0
20
5
1 42.8 0
1 47.6 0
1 42.3 0
1 25.9 0
1 30.6 0
21
5
1 39.5 0
1 34.2 0
1 29.2 0
1 38.8 0
1 49.4 0
22
5
1 23.1 0
1 29.2 0
1 45.5 0
1 26.4 0
1 23.9 0
23
5
1 43.7 0
1 42.7 0
1 37.2 0
1 35.9 0
1 42.6 0
24
5
1 39.1 0
1 24.8 0
1 39 0
1 39.1 0
1 23.6 0
25
5
1 33.3 0
1 49 0
1 38.5 0
1 33.4 0
1 24.8 0
26
5
1 49.6 0
1 23.4 0
1 35.2 0
1 34.1 0
1 21.4 0
27
5
1 22.8 0
1 44.3 0
1 44.1 0
1 24.8 0
1 25.9 0
28
5
1 31.3 0
1 40.2 0
1 25.3 0
1 27 0
1 32.6 0
29
5
1 46.2 0
1 41.2 0
1 27.2 0
1 21.8 0
1 35.2 0
30
5
1 44.3 0
1 33.4 0
1 47.2 0
1 36.5 0
1 43.3 0
31
5
3 49.4 0
3 46.6 0
2 38.4 0
2 24.8 0
2 35 0
32
5
2 46.8 0
3 47.4 0
2 22.9 0
3 33.9 0
3 27 0
33
5
2 44 0
3 46.5 0
3 41.6 0
3 26.8 0
2 47.6 0
34
5
2 49.3 0
3 25.4 0
3 48.9 0
3 46.2 0
3 43.4 0
35
5
3 21.8 0
3 43.9 0
2 50 0
3 31.8 0
3 35 0
36
5
3 20.5 0
2 29.8 0
3 47.3 0
2 37.2 0
2 48.9 0
37
5
3 28.4 0
3 30.9 0
2 44.7 0
2 20.7 0
2 49.8 0
38
5
2 35.6 0
2 26.9 0
3 25.5 0
3 48.5 0
2 43.6 0
39
5
2 48 0
3 29.4 0
2 47.9 0
2 43.3 0
3 49.4 0
40
5
3 31.2 0
3 20.1 0
3 36.4 0
2 41.3 0
3 48.7 0
41
5
2 46.3 0
2 45 0
2 41.8 0
3 30.5 0
3 29.3 0
42
5
2 38.9 0
3 47.3 0
3 26.8 0
2 46.6 0
2 27.2 0
43
5
3 37.3 0
2 46.3 0
2 39.1 0
3 38.6 0
2 34 0
44
5
3 48.8 0
2 31 0
3 43.2 0
3 31.7 0
3 49 0
45
5
3 34.9 0
2 20.7 0
3 36.3 0
2 43.7 0
2 48.1 0
46
5
2 40.1 0
3 23.6 0
3 48 0
3 27.9 0
2 37.1 0
47
5
2 45.1 0
2 28.4 0
2 21.1 0
2 20.4 0
3 24.7 0
48
5
3 32.6 0
3 50 0
2 45.2 0
3 25.9 0
2 38.4 0
49
5
3 20.5 0
2 25.4 0
2 29.9 0
3 33.7 0
2 23 0
50
5
2 45.7 0
2 31.5 0
3 30.9 0
2 32.1 0
2 45.9 0
51
5
3 40 0
2 46.7 0
3 24.8 0
2 28.1 0
2 39.7 0
52
5
2 48.8 0
3 22.6 0
2 31.6 0
3 21 0
3 28.7 0
53
5
3 21.2 0
2 49.3 0
2 31.4 0
2 41 0
3 27.2 0
54
5
3 30.8 0
3 27.7 0
3 20 0
3 46.3 0
3 32.7 0
55
5
3 48.3 0
3 40.4 0
3 34.5 0
2 35.2 0
3 34.5 0
56
5
3 37.5 0
3 49.1 0
3 34.7 0
3 34.4 0
2 22.7 0
57
5
3 33.9 0
3 25.3 0
2 35 0
3 33.2 0
3 41 0
58
5
2 24.3 0
3 39.3 0
3 32.2 0
2 22.6 0
3 43.7 0
59
5
3 25.2 0
2 32.3 0
2 41.3 0
3 49.8 0
2 38.4 0
60
5
2 32.2 0
2 39.6 0
3 38 0
2 48.5 0
3 44 0
61
5
3 25.7 0
2 38.8 0
3 46 0
3 26.9 0
3 25.7 0
62
5
2 36.7 0
2 33 0
3 28.8 0
3 48.6 0
2 44.7 0
63
5
3 26.9 0
2 40.7 0
3 48.1 0
2 40 0
3 37.3 0
64
5
3 28 0
3 37.4 0
3 48.9 0
3 46 0
3 28.7 0
65
5
2 30.3 0
3 32.9 0
3 32.9 0
2 44.6 0
2 30.1 0
66
5
3 40.4 0
2 30.5 0
3 29.1 0
2 32.7 0
3 47 0
67
5
2 42.1 0
3 48.5 0
3 38.9 0
2 41.5 0
3 32.3 0
68
5
2 43.4 0
3 39 0
3 23.2 0
2 32.7 0
2 38.3 0
69
5
3 38.6 0
3 24.2 0
3 44.5 0
3 28 0
3 21.4 0
70
5
2 41.4 0
3 34.1 0
2 45.9 0
3 49 0
2 30.4 0
71
5
2 45.1 0
3 26 0
2 36.5 0
3 33.2 0
3 31.6 0
72
5
2 30.2 0
3 45.2 0
3 28.1 0
3 41.7 0
3 33.6 0
73
5
3 45.9 0
3 49.9 0
3 44.3 0
3 42.5 0
3 28.9 0
74
5
3 39.8 0
2 33.2 0
3 23.6 0
3 45.8 0
3 34.9 0
75
5
3 27.7 0
2 32.8 0
2 36.7 0
2 20.6 0
2 41.4 0
76
5
2 31.4 0
2 33.9 0
2 27.8 0
2 38 0
2 24.1 0
77
5
3 25.7 0
3 34.5 0
3 39.1 0
2 32.8 0
2 49.6 0
78
5
2 27.1 0
2 44.2 0
2 39.3 0
3 46.4 0
2 44.9 0
79
5
2 36.5 0
2 42.6 0
3 49.6 0
2 47.5 0
2 40.1 0
80
5
2 38.2 0
3 20.5 0
3 24 0
2 31.8 0
2 43.2 0
81
5
3 34.7 0
2 31 0
2 21.1 0
3 34.9 0
2 29.5 0
82
5
3 38.4 0
2 40.7 0
2 42 0
2 36.5 0
3 45.1 0
83
5
2 40.2 0
2 25.4 0
2 28.6 0
2 32 0
3 47.7 0
84
5
3 32.6 0
2 34.3 0
2 22.4 0
2 28 0
2 36.4 0
85
5
3 31.2 0
2 33.4 0
3 49 0
3 36 0
3 48.9 0
86
5
3 31.8 0
2 31.3 0
2 44.5 0
3 21.1 0
2 49.1 0
87
5
3 23.9 0
3 31.9 0
3 33.3 0
3 25.8 0
2 29.1 0
88
5
2 23.8 0
3 38.9 0
2 34.6 0
3 38.9 0
2 24.3 0
89
5
3 36.7 0
3 23.3 0
2 23.1 0
3 47.4 0
2 41.6 0
90
5
2 20.1 0
2 47.3 0
2 30.1 0
3 28.9 0
3 32.1 0
91
5
3 39.9 0
3 33.4 0
2 31.8 0
3 21.5 0
2 47.7 0
92
5
3 32.7 0
2 48.3 0
3 42 0
3 32.8 0
2 39.5 0
93
5
3 21.2 0
3 41.2 0
2 48.8 0
2 39.3 0
3 30.3 0
94
5
3 42.6 0
3 36.9 0
2 22 0
2 43.4 0
2 43.9 0
95
5
2 25.1 0
2 38 0
2 49.6 0
2 42.3 0
3 42.3 0
96
5
3 40.3 0
3 31.6 0
2 29.9 0
2 23.3 0
3 21.2 0
97
5
2 28.6 0
2 25.5 0
2 33.5 0
2 28.9 0
3 29.2 0
98
5
2 24.2 0
2 32.4 0
2 42.8 0
2 27 0
3 31.8 0
99
5
2 20.5 0
3 40.4 0
2 28.1 0
3 25.3 0
2 46.4 0
100
5
3 25.1 0
2 27.2 0
2 27.5 0
3 30.5 0
3 30.6 0
